t(31)=2.47284482160409
t(60)=0.0521372553047585
t(69)=-2.41312261552369
t(42)=-0.425351568490157
t(65)=-1.00246527423072
t(30)=-2.42252859450705
t(26)=-0.996211200713113
t(42)=1.20109239895175
t(31)=-1.4395947573253
t(69)=-2.36582361626699
t(17)=-2.73423133493529
t(206)=-3.32790583325654
t(101)=-2.82781778739152
t(28)=-0.995980485166787
t(34)=0.926604859480964
t(22)=0.932874566866887
t(28)=-0.396470456694228
t(28)=0.420084025208403
