t(31)=0.563783079089027
t(60)=-0.273830564386727
t(172)=-3.35405988362748
t(69)=2.69848937025717
t(186)=0.70483841825598
t(40)=2.8935724691237
t(42)=0.532818970619387
t(29)=0.343662950554046
t(21)=-0.260891896525169
t(63)=-0.253814446843703
t(40)=2.14782025576278
t(23)=-0.0918542466907944
t(30)=2.66798028908312
t(110)=-0.726837458995208
t(33)=2.04252278930225
t(69)=2.78896458262478
