t(31)=0.976954071736296
t(60)=0.881892549198692
t(69)=-2.13606327190662
t(42)=-0.0546735388728243
t(30)=-0.336454058851326
t(42)=-0.228596876764553
t(31)=0.143928646543022
t(206)=-3.19742691348952
t(34)=0.603603403289762
t(22)=0.499927927927554
t(28)=0
