t(31)=0.52329160222828
t(60)=0.281645576582556
t(69)=-1.90230567841438
t(42)=0.157054432387775
t(65)=3.80558336312089
t(30)=0.351973059605149
t(26)=-0.306604888051463
t(42)=0.441237198666121
t(17)=-2.83114966366606
t(206)=-2.14331830560452
t(101)=-0.293161765591325
t(28)=0.692311781473628
t(34)=1.40534837594912
t(22)=0.801688292335074
t(28)=-1.86760201654944
t(28)=0
