t(31)=1.02509046211625
t(42)=0.530219868690396
t(21)=2.97992868547594
t(63)=0
t(23)=-0.173186809025017
t(110)=2.18207397880171
