t(26)=1.97532865708828
t(44)=0.32469490832843
t(59)=-1.58120630093122
t(24)=1.36038580614559
t(72)=0.992405107144158
t(22)=-0.139809783724637
t(25)=-2.24697404379034
t(39)=-0.465702255837594
t(16)=2.121019717626
t(43)=0.381193497901397
t(90)=0.525950425422831
t(88)=-0.406107216990996
t(47)=0.850453356831571
