t(31)=-0.476079131296784
t(60)=1.91787054635953
t(69)=-0.345959348544275
t(42)=0.112269934965655
t(30)=0.843512645691301
t(42)=-2.4021847979035
t(27)=-3.04028682059116
t(206)=-2.70245198263756
t(34)=-0.989217726030251
