t(26)=1.53015240907872
t(44)=0.385259941552302
t(59)=-1.45175637519285
t(24)=-1.19225760275981
t(72)=0.837488331304115
t(22)=0.98949877276552
t(25)=-1.74756852725179
t(39)=-0.893704751513891
t(16)=0.888169258565215
t(43)=-0.150937465415863
t(90)=0.595830589276754
t(88)=-0.273468726861511
t(47)=0.934076674190101
