t(31)=0.357496468298306
t(42)=0.187622057454576
t(21)=-2.46289776854167
t(63)=-0.27447664182796
t(23)=-0.00875262148272543
t(110)=-2.06042025070082
