t(26)=2.0676002115377
t(44)=0.363036010137965
t(59)=-1.6906850799078
t(24)=1.01226472915579
t(72)=1.04533498131836
t(22)=0.121194929657645
t(25)=-2.29752808435193
t(39)=-0.633314509956746
t(16)=2.03906063364276
t(43)=0.263402539185274
t(90)=0.582659022108384
t(88)=-0.414039790579435
t(47)=0.950114392247714
